image: /home/priyanshu/map_karto.pgm
resolution: 0.050000
origin: [15.791461, 1.139334, 0.000000]
negate: 0
occupied_thresh: 0.65
free_thresh: 0.196

